Webots Project File version R2023b
perspectives: 000000ff00000000fd00000002000000010000017c0000027cfc0200000001fb0000001400540065007800740045006400690074006f007201000000000000027c000000a500ffffff00000003000005a000000066fc0100000001fb0000001a0043006f006e0073006f006c00650041006c006c0041006c006c0100000000000005a00000007200ffffff0000041e0000027c00000001000000020000000100000008fc00000000
simulationViewPerspectives: 000000ff0000000100000002000001e6000002320100000006010000000100
sceneTreePerspectives: 000000ff0000000100000003000000200000023d000000fc0100000006010000000200
maximizedDockId: -1
centralWidgetVisible: 1
orthographicViewHeight: 1
textFiles: 1 "../../../../../Applications/Webots.app/Contents/projects/robots/gctronic/e-puck/controllers/e-puck_avoid_obstacles/e-puck_avoid_obstacles.c" "../../../Documents/Webots/RTSAssignment/controllers/python/python.py"
consoles: Console:All:All
renderingDevicePerspectives: UR5e:camera;1;0.6;0.0182292;0.0460523
renderingDevicePerspectives: basic arm:camera;1;0.577778;0;0
