Webots Project File version R2023b
perspectives: 000000ff00000000fd0000000200000001000001a30000026ffc0200000001fb0000001400540065007800740045006400690074006f007201000000000000026f000000a500ffffff00000003000005a000000066fc0100000001fb0000001a0043006f006e0073006f006c00650041006c006c0041006c006c0100000000000005a00000007200ffffff000003f70000026f00000001000000020000000100000008fc00000000
simulationViewPerspectives: 000000ff0000000100000002000001180000029a0100000006010000000100
sceneTreePerspectives: 000000ff000000010000000300000020000000c0000000fc0100000006010000000200
minimizedPerspectives: 000000ff00000000fd0000000200000001000001e20000026ffc0200000001fb0000001400540065007800740045006400690074006f007201000000000000026f0000006d00ffffff00000003000005a000000066fc0100000001fb0000001a0043006f006e0073006f006c00650041006c006c0041006c006c0100000000000005a00000007200ffffff000003b80000026f00000001000000020000000100000008fc00000000
maximizedDockId: -1
centralWidgetVisible: 1
orthographicViewHeight: 1
textFiles: 0 "../../../../../Users/leequan/Documents/Webots/RTSAssignment/controllers/my_controller/my_controller.py" "my_controller_texture.py"
consoles: Console:All:All
renderingDevicePerspectives: UR5e:CAM;1;0.451772;0.761962;0.664923
